SITE	COUNTRY	DATE	P_CLOVER	YIELD	PROTEIN	FIBRE
1	Belgium	26/05/2003	64	7.586389961	1.59	29.89
1	Belgium	26/05/2003	64	5.804434013	1.59	31.63
1	Belgium	26/05/2003	64	6.165364255	2.6	26.72
1	Belgium	26/05/2003	64	5.876474961	1.97	30.09
1	Belgium	26/05/2003	100	6.917347678	1.82	31.26
1	Belgium	26/05/2003	0	5.744539949	1.3	27.76
1	Belgium	26/05/2003	0	4.725364322	1.07	31.92
1	Belgium	26/05/2003	0	4.469600603	3.86	22.27
1	Belgium	26/05/2003	0	3.387988443	3.48	24.13
1	Belgium	26/05/2003	64	6.463428009	1.51	29.48
1	Belgium	26/05/2003	64	5.118735714	1.66	29.27
1	Belgium	26/05/2003	64	5.916795866	2.24	28.62
1	Belgium	26/05/2003	64	6.122413123	2.32	29.34
1	Belgium	26/05/2003	100	6.541977804	1.97	29.23
1	Belgium	26/05/2003	0	6.455053735	1.25	28.78
1	Belgium	26/05/2003	0	3.942205809	1.31	28.18
1	Belgium	26/05/2003	0	4.078022293	2.96	25.41
1	Belgium	26/05/2003	0	3.885117108	3.69	23.41
1	Belgium	07/07/2003	64	5.704582875	2.71	26.68
1	Belgium	07/07/2003	64	4.278885673	2.52	29.55
1	Belgium	07/07/2003	64	5.196746411	3.05	30.17
1	Belgium	07/07/2003	64	4.142266072	2.77	31.25
1	Belgium	07/07/2003	100	4.480474771	2.99	27.95
1	Belgium	07/07/2003	0	3.100593407	1.49	27.68
1	Belgium	07/07/2003	0	2.93979202	1.64	28.6
1	Belgium	07/07/2003	0	5.092549437	3.14	29.81
1	Belgium	07/07/2003	0	2.678685121	3.59	25.91
1	Belgium	07/07/2003	64	4.97824533	2.6	29.84
1	Belgium	07/07/2003	64	4.601645266	2.7	29.24
1	Belgium	07/07/2003	64	5.192011936	3.08	29.62
1	Belgium	07/07/2003	64	4.98821684	3.12	28.93
1	Belgium	07/07/2003	100	4.627865644	2.58	31.74
1	Belgium	07/07/2003	0	3.285679697	1.48	28.28
1	Belgium	07/07/2003	0	2.689663462	1.45	25.94
1	Belgium	07/07/2003	0	5.617972764	3.31	28.63
1	Belgium	07/07/2003	0	2.941756062	3.51	25.62
1	Belgium	25/08/2003	64	4.072052402	2.86	26.94
1	Belgium	25/08/2003	64	3.528773073	3.09	25.66
1	Belgium	25/08/2003	64	4.996367599	3.08	24.92
1	Belgium	25/08/2003	64	3.341683113	3.02	24.95
1	Belgium	25/08/2003	100	4.166956119	3	25.25
1	Belgium	25/08/2003	0	0.971671489	2.48	26.37
1	Belgium	25/08/2003	0	0.808273085	2.43	27.56
1	Belgium	25/08/2003	0	4.462720945	2.95	25.9
1	Belgium	25/08/2003	0	2.477477477	3.52	22.75
1	Belgium	25/08/2003	64	3.058608059	3.12	24.96
1	Belgium	25/08/2003	64	2.599702891	3.01	24.92
1	Belgium	25/08/2003	64	3.296309304	2.99	23.87
1	Belgium	25/08/2003	64	3.305186077	3.08	24.46
1	Belgium	25/08/2003	100	4.21918995	2.8	25.98
1	Belgium	25/08/2003	0	1.367239653	2.8	25.51
1	Belgium	25/08/2003	0	0.692112765	2.64	29.21
1	Belgium	25/08/2003	0	4.043428966	2.97	25.47
1	Belgium	25/08/2003	0	2.306192101	3.43	22.93
1	Belgium	13/10/2003	64	1.52507644	3.9	22.06
1	Belgium	13/10/2003	64	1.599466929	3.77	21.69
1	Belgium	13/10/2003	64	1.617835322	4.21	20.75
1	Belgium	13/10/2003	64	1.793142734	3.79	21.6
1	Belgium	13/10/2003	100	1.7099231	3.88	22.92
1	Belgium	13/10/2003	0	0.932179238	2.81	25.44
1	Belgium	13/10/2003	0	1.384778624	2.24	23.51
1	Belgium	13/10/2003	0	1.652011665	4.2	19.78
1	Belgium	13/10/2003	0	1.508421348	4.6	19.02
1	Belgium	13/10/2003	64	1.820195195	3.86	21.53
1	Belgium	13/10/2003	64	1.650090416	3.73	22.01
1	Belgium	13/10/2003	64	1.371112657	4.18	21.17
1	Belgium	13/10/2003	64	1.752373247	3.83	22.2
1	Belgium	13/10/2003	100	1.672661871	3.97	21.16
1	Belgium	13/10/2003	0	1.104150699	2.64	25
1	Belgium	13/10/2003	0	1.320184156	2.41	22.73
1	Belgium	13/10/2003	0	1.295428873	4.48	17.94
1	Belgium	13/10/2003	0	1.363336992	4.73	18.78
10	Germany	10/05/2004	64	8.207	2.51	25.45
10	Germany	10/05/2004	64	7.737	2.56	27.15
10	Germany	10/05/2004	64	8.451	3.1	24.46
10	Germany	10/05/2004	64	7.57	2.76	24.14
10	Germany	10/05/2004	100	8.191	2.56	25.91
10	Germany	10/05/2004	88	9.178	2.68	24.74
10	Germany	10/05/2004	88	7.329	3.13	24.52
10	Germany	10/05/2004	88	8.116	2.33	25.22
10	Germany	10/05/2004	88	8.125	2.98	25.43
10	Germany	10/05/2004	88	7.624	2.71	25.78
10	Germany	10/05/2004	88	9.561	2.91	24.44
10	Germany	10/05/2004	0	8.038	2.13	26.62
10	Germany	10/05/2004	0	6.373	2.14	29.25
10	Germany	10/05/2004	0	7.58	3.25	24.99
10	Germany	10/05/2004	0	4.412	3.64	21.4
10	Germany	10/05/2004	64	8.896	2.64	25.33
10	Germany	10/05/2004	64	8.582	2.46	27.39
10	Germany	10/05/2004	64	7.342	3.03	25.09
10	Germany	10/05/2004	64	6.702	2.9	24.71
10	Germany	10/05/2004	100	7.62	2.85	26.03
10	Germany	10/05/2004	88	7.282	2.38	26.24
10	Germany	10/05/2004	88	7.905	2.54	24.04
10	Germany	10/05/2004	88	8.062	2.74	24.31
10	Germany	10/05/2004	88	7.134	3.19	25.31
10	Germany	10/05/2004	88	8.304	2.69	27.37
10	Germany	10/05/2004	88	8.112	2.98	25.2
10	Germany	10/05/2004	0	7.457	2.08	24.56
10	Germany	10/05/2004	0	6.293	2.31	27.89
10	Germany	10/05/2004	0	8.359	3.11	24.75
10	Germany	10/05/2004	0	4.88	3.67	22.42
10	Germany	08/07/2004	64	3.816	1.88	25.01
10	Germany	08/07/2004	64	3.68	1.91	26.92
10	Germany	08/07/2004	64	4.899	2.33	28.56
10	Germany	08/07/2004	64	4.119	2.19	27.93
10	Germany	08/07/2004	100	4.397	2.23	25.58
10	Germany	08/07/2004	88	4.769	1.93	27.71
10	Germany	08/07/2004	88	5.716	2.73	29.28
10	Germany	08/07/2004	88	4.339	1.93	24.43
10	Germany	08/07/2004	88	6.74	2.43	29.42
10	Germany	08/07/2004	88	4.35	2.27	27.76
10	Germany	08/07/2004	88	6.054	2.47	27.1
10	Germany	08/07/2004	0	2.19	1.47	22.24
10	Germany	08/07/2004	0	3.44	1.57	30.13
10	Germany	08/07/2004	0	5.403	3.05	24.74
10	Germany	08/07/2004	0	1.922	3.25	22.31
10	Germany	08/07/2004	64	5.071	2.4	27.16
10	Germany	08/07/2004	64	4.273	2.07	30.15
10	Germany	08/07/2004	64	4.575	2.62	27.67
10	Germany	08/07/2004	64	3.785	2.12	27.76
10	Germany	08/07/2004	100	4.625	2.13	28.26
10	Germany	08/07/2004	88	4.337	1.73	27.03
10	Germany	08/07/2004	88	4.093	1.61	27.5
10	Germany	08/07/2004	88	4.74	2.43	29.12
10	Germany	08/07/2004	88	5.102	2.36	28.25
10	Germany	08/07/2004	88	4.578	2.35	27.99
10	Germany	08/07/2004	88	4.504	2.5	29.18
10	Germany	08/07/2004	0	3.123	1.61	22.69
10	Germany	08/07/2004	0	2.896	1.81	27.64
10	Germany	08/07/2004	0	5.1	2.71	27.57
10	Germany	08/07/2004	0	2.625	3.38	24.55
11	Germany	19/05/2005	64	3.729533187	2.76	22.27
11	Germany	19/05/2005	64	4.659341548	3.32	22.21
11	Germany	19/05/2005	64	5.300127869	3.37	25.01
11	Germany	19/05/2005	64	4.149385113	3.61	22.01
11	Germany	19/05/2005	100	4.162319193	3.42	22.83
11	Germany	19/05/2005	88	4.009609906	3.26	23.7
11	Germany	19/05/2005	88	4.374736882	3.35	22.06
11	Germany	19/05/2005	88	5.066945177	2.46	22.95
11	Germany	19/05/2005	88	4.934262201	3.52	22.25
11	Germany	19/05/2005	88	4.368087231	3.42	24.04
11	Germany	19/05/2005	88	4.575823689	3.85	23.46
11	Germany	19/05/2005	0	3.125887612	2.28	20.34
11	Germany	19/05/2005	0	3.516803628	3.31	24.33
11	Germany	19/05/2005	0	4.516886804	3.89	22.61
11	Germany	19/05/2005	0	4.006227221	3.76	22.17
11	Germany	19/05/2005	64	3.483092054	2.98	22.71
11	Germany	19/05/2005	64	4.076832962	3.21	23.34
11	Germany	19/05/2005	64	4.766033961	3.63	25.01
11	Germany	19/05/2005	64	5.072645675	2.53	23.69
11	Germany	19/05/2005	100	4.436622222	3.81	22.72
11	Germany	19/05/2005	88	3.740851134	3.32	25.34
11	Germany	19/05/2005	88	4.434073084	3.35	25.42
11	Germany	19/05/2005	88	4.213222568	3.41	23.09
11	Germany	19/05/2005	88	5.172438605	3.41	22.25
11	Germany	19/05/2005	88	4.007561088	3.23	24.01
11	Germany	19/05/2005	88	4.892908828	3.57	24.42
11	Germany	19/05/2005	0	3.434857591	2.38	20.27
11	Germany	19/05/2005	0	3.019930265	2.88	25.91
11	Germany	19/05/2005	0	4.37916872	4.16	23.19
11	Germany	19/05/2005	0	4.017539683	3.91	20.74
11	Germany	28/06/2005	64	3.818498368	2.29	28.59
11	Germany	28/06/2005	64	3.637317975	2.98	27.3
11	Germany	28/06/2005	64	3.614338616	3.33	27.42
11	Germany	28/06/2005	64	3.500143435	3.23	27.47
11	Germany	28/06/2005	100	3.525329022	2.67	28.18
11	Germany	28/06/2005	88	3.745330813	2.36	28.14
11	Germany	28/06/2005	88	4.350436139	2.77	28.31
11	Germany	28/06/2005	88	3.032475882	2.34	27.99
11	Germany	28/06/2005	88	4.025557347	3.08	27.04
11	Germany	28/06/2005	88	4.07189061	3.3	27.03
11	Germany	28/06/2005	88	3.885329773	3.62	25.09
11	Germany	28/06/2005	0	3.637223582	2.13	27.95
11	Germany	28/06/2005	0	3.335806986	2.66	29.19
11	Germany	28/06/2005	0	4.169984762	3.5	26.2
11	Germany	28/06/2005	0	1.875520293	3.56	22.82
11	Germany	28/06/2005	64	3.871739237	2.42	27.69
11	Germany	28/06/2005	64	3.351528841	3.18	27.67
11	Germany	28/06/2005	64	3.723930979	3.2	27.59
11	Germany	28/06/2005	64	3.255097744	2.77	27.61
11	Germany	28/06/2005	100	4.050679215	2.88	27.88
11	Germany	28/06/2005	88	3.283715638	2.91	27.53
11	Germany	28/06/2005	88	3.911329358	3.17	27.11
11	Germany	28/06/2005	88	3.553596423	2.79	27.34
11	Germany	28/06/2005	88	4.911821016	2.96	27.01
11	Germany	28/06/2005	88	3.915730081	2.78	28.42
11	Germany	28/06/2005	88	3.7880727	3.14	27.15
11	Germany	28/06/2005	0	3.080453352	2.61	26.71
11	Germany	28/06/2005	0	3.252446184	2.57	29.96
11	Germany	28/06/2005	0	3.757080145	3.17	27.7
11	Germany	28/06/2005	0	3.199010877	3.03	27.31
11	Germany	19/08/2005	64	3.597068832	2.22	25.73
11	Germany	19/08/2005	64	3.930667058	2.18	27.44
11	Germany	19/08/2005	64	4.342468619	3.12	27.52
11	Germany	19/08/2005	64	3.611475118	2.73	26.09
11	Germany	19/08/2005	100	3.8	2.53	28.37
11	Germany	19/08/2005	88	3.907236684	2.53	26.51
11	Germany	19/08/2005	88	3.910730524	2.74	26.73
11	Germany	19/08/2005	88	4.332126984	1.73	25.77
11	Germany	19/08/2005	88	3.616707868	2.85	26.66
11	Germany	19/08/2005	88	3.764535585	2.47	27.37
11	Germany	19/08/2005	88	4.140318085	2.66	27.36
11	Germany	19/08/2005	0	5.865332943	2.18	46.64
11	Germany	19/08/2005	0	4.558142058	2.01	32.21
11	Germany	19/08/2005	0	4.707785336	2.82	26.75
11	Germany	19/08/2005	0	2.376880443	2.41	25.15
11	Germany	19/08/2005	64	3.9998336	2.28	26.4
11	Germany	19/08/2005	64	3.995717088	2.64	27.81
11	Germany	19/08/2005	64	4.666340673	2.68	27.84
11	Germany	19/08/2005	64	3.639364555	1.98	26.21
11	Germany	19/08/2005	100	4.269952165	2.46	27.71
11	Germany	19/08/2005	88	3.694480324	2.35	28.59
11	Germany	19/08/2005	88	4.178296804	2.74	25.64
11	Germany	19/08/2005	88	3.924022903	2.4	27.28
11	Germany	19/08/2005	88	4.542335965	2.93	27.3
11	Germany	19/08/2005	88	4.166558792	2.17	29.8
11	Germany	19/08/2005	88	3.792249069	2.73	26.54
11	Germany	19/08/2005	0	3.549670433	1.94	26.28
11	Germany	19/08/2005	0	4.497336094	1.82	31.89
11	Germany	19/08/2005	0	4.45004018	3.29	26.1
11	Germany	19/08/2005	0	2.326066696	2.97	25.1
11	Germany	05/10/2005	64	2.340150202	2.79	24.26
11	Germany	05/10/2005	64	2.293358815	2.86	26.25
11	Germany	05/10/2005	64	2.654315765	2.94	26.5
11	Germany	05/10/2005	64	2.695053015	2.99	24.22
11	Germany	05/10/2005	100	2.653624772	2.92	26.13
11	Germany	05/10/2005	88	2.466127754	3.06	25.32
11	Germany	05/10/2005	88	2.268106881	3.23	24.47
11	Germany	05/10/2005	88	2.141977091	2.59	26.03
11	Germany	05/10/2005	88	2.021179552	3.04	24.73
11	Germany	05/10/2005	88	2.600959233	2.74	27.01
11	Germany	05/10/2005	88	1.999922426	3.03	26.58
11	Germany	05/10/2005	0	1.613976378	2.6	23.94
11	Germany	05/10/2005	0	3.102896471	2.44	29.47
11	Germany	05/10/2005	0	1.232613552	4.66	21.53
11	Germany	05/10/2005	0	1.377927045	3.68	22.73
11	Germany	05/10/2005	64	2.102198062	2.82	24.67
11	Germany	05/10/2005	64	2.866870754	2.47	26.27
11	Germany	05/10/2005	64	2.6689248	3.32	24.08
11	Germany	05/10/2005	64	2.575091678	2.78	26.23
11	Germany	05/10/2005	100	2.566545894	2.78	24.68
11	Germany	05/10/2005	88	2.335015057	2.76	24.48
11	Germany	05/10/2005	88	2.289546563	3.09	24.44
11	Germany	05/10/2005	88	2.46909677	2.72	25.27
11	Germany	05/10/2005	88	2.441876751	3.27	26.5
11	Germany	05/10/2005	88	2.138773415	2.79	27.14
11	Germany	05/10/2005	88	2.332329238	2.99	26.46
11	Germany	05/10/2005	0	1.907759638	2.53	24.09
11	Germany	05/10/2005	0	2.756783849	2.66	29.52
11	Germany	05/10/2005	0	1.953937241	4.33	26.94
11	Germany	05/10/2005	0	1.89136306	3.31	24.27
13	Iceland	30/06/2003	64	4.4275	1.33	34.65
13	Iceland	30/06/2003	64	3.7875	1.34	31.62
13	Iceland	30/06/2003	64	3.4275	1.69	32.93
13	Iceland	30/06/2003	64	2.83	1.46	31.5
13	Iceland	30/06/2003	100	4.93	1.44	31.35
13	Iceland	30/06/2003	0	4.57	1.4	35.05
13	Iceland	30/06/2003	0	0.94	1.4	31.05
13	Iceland	30/06/2003	0	3.9675	2.17	30.45
13	Iceland	30/06/2003	0	1.89	1.79	29.28
13	Iceland	30/06/2003	64	5.1625	1.13	32.78
13	Iceland	30/06/2003	64	3.18	1.56	30.79
13	Iceland	30/06/2003	64	1.975	1.56	32.17
13	Iceland	30/06/2003	64	3.4725	1.35	30.37
13	Iceland	30/06/2003	100	3.01	1.64	31.79
13	Iceland	30/06/2003	0	3.5325	1.38	35.03
13	Iceland	30/06/2003	0	3.2225	1.35	29.41
13	Iceland	30/06/2003	0	1.2025	2.06	28.36
13	Iceland	30/06/2003	0	1.3025	1.77	30.93
13	Iceland	19/08/2003	64	1.5025	2.59	22.4
13	Iceland	19/08/2003	64	1.7225	2.5	25.14
13	Iceland	19/08/2003	64	3.08	2.8	26.12
13	Iceland	19/08/2003	64	2.015	2.56	26.79
13	Iceland	19/08/2003	100	1.63	2.65	25.79
13	Iceland	19/08/2003	0	1.0625	1.77	19.86
13	Iceland	19/08/2003	0	1.785	1.38	27.3
13	Iceland	19/08/2003	0	2.845	3.12	26.13
13	Iceland	19/08/2003	0	1.82	2.61	24.64
13	Iceland	19/08/2003	64	1.925	2.32	22.91
13	Iceland	19/08/2003	64	2.675	1.84	28.93
13	Iceland	19/08/2003	64	2.15	2.79	26.43
13	Iceland	19/08/2003	64	1.935	2.33	27.58
13	Iceland	19/08/2003	100	1.4525	2.43	26.35
13	Iceland	19/08/2003	0	0.795	1.75	18.91
13	Iceland	19/08/2003	0	2.1125	1.53	29.18
13	Iceland	19/08/2003	0	2.1625	3.16	25.65
13	Iceland	19/08/2003	0	1.375	2.91	23.61
14	Iceland	05/07/2004	64	2.024	1.57	26.56
14	Iceland	05/07/2004	64	1.576	2.35	22.97
14	Iceland	05/07/2004	64	1.152	1.64	26.37
14	Iceland	05/07/2004	64	1.272	1.71	25.3
14	Iceland	05/07/2004	100	1.128	1.85	22.98
14	Iceland	05/07/2004	0	2.316	1.44	26.26
14	Iceland	05/07/2004	0	0.416	1.53	19.65
14	Iceland	05/07/2004	0	0.32	1.88	24.41
14	Iceland	05/07/2004	0	0.664	1.66	23.09
14	Iceland	05/07/2004	64	2.064	1.48	26.36
14	Iceland	05/07/2004	64	0.592	2.04	21.95
14	Iceland	05/07/2004	64	1.04	1.56	27.65
14	Iceland	05/07/2004	64	1.352	1.81	25.06
14	Iceland	05/07/2004	100	1.28	1.79	25.05
14	Iceland	05/07/2004	0	1.748	1.5	29.74
14	Iceland	05/07/2004	0	0.292	1.69	18.14
14	Iceland	05/07/2004	0	0.256	1.65	25.91
14	Iceland	05/07/2004	0	0.48	1.42	24.25
14	Iceland	17/08/2004	64	0.652	2.61	22.49
14	Iceland	17/08/2004	64	2.148	3.34	26.2
14	Iceland	17/08/2004	64	1.084	2.97	23.63
14	Iceland	17/08/2004	64	0.836	3.05	23.86
14	Iceland	17/08/2004	100	1.288	3.36	24.99
14	Iceland	17/08/2004	0	0.224	2.28	18.9
14	Iceland	17/08/2004	0	0.512	1.92	19.29
14	Iceland	17/08/2004	0	0.328	2.18	24.56
14	Iceland	17/08/2004	0	1.108	3.64	23.77
14	Iceland	17/08/2004	64	0.684	2.82	22.51
14	Iceland	17/08/2004	64	0.74	3.07	23.58
14	Iceland	17/08/2004	64	0.552	2.99	21.57
14	Iceland	17/08/2004	64	1.244	3.05	24.89
14	Iceland	17/08/2004	100	0.724	3.09	23.17
14	Iceland	17/08/2004	0	0.272	2.55	20.27
14	Iceland	17/08/2004	0	0.752	2.06	21.47
14	Iceland	17/08/2004	0	0.46	1.22	30.29
14	Iceland	17/08/2004	0	0.284	3.25	24.82
15	Ireland	29/03/2004	64	1.633	3.6	19.57
15	Ireland	29/03/2004	64	2.402166667	2.94	24.63
15	Ireland	29/03/2004	64	1.4925	3.92	19.82
15	Ireland	29/03/2004	64	1.126333333	3.4	21.51
15	Ireland	29/03/2004	100	1.764	3.25	21.86
15	Ireland	29/03/2004	0	1.326	2.97	20.27
15	Ireland	29/03/2004	0	2.55	2.69	26.44
15	Ireland	29/03/2004	0	0.6205	4.26	17.78
15	Ireland	29/03/2004	64	1.758333333	3.27	20.44
15	Ireland	29/03/2004	64	2.434333333	2.86	22.2
15	Ireland	29/03/2004	64	1.349	3.84	18.15
15	Ireland	29/03/2004	64	1.022	3.6	19.61
15	Ireland	29/03/2004	100	1.809	3.01	22.27
15	Ireland	29/03/2004	0	2.4675	2.76	20.21
15	Ireland	29/03/2004	0	2.667	2.83	25.25
15	Ireland	29/03/2004	0	0.361666667	4.69	17.24
15	Ireland	29/03/2004	0	0.28	4.11	18.74
15	Ireland	19/05/2004	64	5.484682132	2.76	25.63
15	Ireland	19/05/2004	64	4.728442728	2.35	30.86
15	Ireland	19/05/2004	64	5.970626248	2.88	30.02
15	Ireland	19/05/2004	64	5.551817348	2.19	30.34
15	Ireland	19/05/2004	100	5.667598064	2.38	30.54
15	Ireland	19/05/2004	0	4.689530539	2.14	25.69
15	Ireland	19/05/2004	0	4.703446826	1.83	30.77
15	Ireland	19/05/2004	0	4.223163842	3.5	27.53
15	Ireland	19/05/2004	0	3.527232378	3.57	26.13
15	Ireland	19/05/2004	64	5.534964171	2.55	26.72
15	Ireland	19/05/2004	64	5.629688048	2.28	30.42
15	Ireland	19/05/2004	64	5.814711798	2.98	28.61
15	Ireland	19/05/2004	64	4.414696653	2.54	28.16
15	Ireland	19/05/2004	100	6.028753994	2.3	30.63
15	Ireland	19/05/2004	0	4.860703191	2.14	26.45
15	Ireland	19/05/2004	0	4.897264161	2.02	32.57
15	Ireland	19/05/2004	0	4.890740259	3.64	26.32
15	Ireland	19/05/2004	0	3.199652371	3.9	24.11
15	Ireland	28/07/2004	64	4.524558394	2.87	26.03
15	Ireland	28/07/2004	64	4.737868304	1.71	32.72
15	Ireland	28/07/2004	64	6.147574819	2.67	30.42
15	Ireland	28/07/2004	64	5.832002975	2.17	27.74
15	Ireland	28/07/2004	100	5.421916208	2.29	28.79
15	Ireland	28/07/2004	0	3.058823529	1.87	24.52
15	Ireland	28/07/2004	0	4.673233971	1.24	30.33
15	Ireland	28/07/2004	0	5.175186674	2.74	30.76
15	Ireland	28/07/2004	0	3.365803127	3.15	26.22
15	Ireland	28/07/2004	64	3.579191202	2.48	24.26
15	Ireland	28/07/2004	64	4.467651059	1.87	30.51
15	Ireland	28/07/2004	64	5.33158853	2.52	30.07
15	Ireland	28/07/2004	64	4.590655808	2.14	27.27
15	Ireland	28/07/2004	100	5.332604338	1.81	29.99
15	Ireland	28/07/2004	0	2.403701165	2.1	24.46
15	Ireland	28/07/2004	0	4.489472452	1	28.34
15	Ireland	28/07/2004	0	7.197546701	2.86	27.99
15	Ireland	28/07/2004	0	3.455794334	3.21	26.75
15	Ireland	07/09/2004	64	2.519266667	3.44	24.67
15	Ireland	07/09/2004	64	2.4548	3	28.66
15	Ireland	07/09/2004	64	3.098733333	3.89	26.52
15	Ireland	07/09/2004	64	2.510666667	3.27	27.27
15	Ireland	07/09/2004	100	3.258	3.04	29.27
15	Ireland	07/09/2004	0	1.563333333	3.08	24.43
15	Ireland	07/09/2004	0	1.761033333	2.24	30.91
15	Ireland	07/09/2004	0	2.0618	4.17	23.5
15	Ireland	07/09/2004	0	1.7708	4.06	24.45
15	Ireland	07/09/2004	64	2.320266667	3.25	26.31
15	Ireland	07/09/2004	64	2.682766667	2.39	31.23
15	Ireland	07/09/2004	64	2.413533333	3.1	29.14
15	Ireland	07/09/2004	64	2.32735	3.18	26.52
15	Ireland	07/09/2004	100	3.0657	2.71	29.81
15	Ireland	07/09/2004	0	1.736166667	3.37	23.49
15	Ireland	07/09/2004	0	2.60625	2.31	31.21
15	Ireland	07/09/2004	0	2.214716667	4.28	22.9
15	Ireland	07/09/2004	0	2.072016667	4.54	21.23
15	Ireland	18/10/2004	64	1.722666667	4.59	18.89
15	Ireland	18/10/2004	64	2.288211111	3.95	23.92
15	Ireland	18/10/2004	64	1.224	5.06	19.4
15	Ireland	18/10/2004	64	1.529	3.89	24.29
15	Ireland	18/10/2004	100	1.49145	3.67	23.01
15	Ireland	18/10/2004	0	1.43325	3.86	19.02
15	Ireland	18/10/2004	0	2.059266667	3.58	24.8
15	Ireland	18/10/2004	0	0.6648	5.05	17.34
15	Ireland	18/10/2004	0	0.8587	4.79	18.54
15	Ireland	18/10/2004	64	1.282416667	4.18	22.1
15	Ireland	18/10/2004	64	2.1024	3.9	24.41
15	Ireland	18/10/2004	64	1.593466667	4.1	24.58
15	Ireland	18/10/2004	64	1.419833333	4.19	22.14
15	Ireland	18/10/2004	100	1.9393	4.09	23.24
15	Ireland	18/10/2004	0	0.7744	4.3	19.06
15	Ireland	18/10/2004	0	2.117266667	3.51	25.91
15	Ireland	18/10/2004	0	0.444	4.62	18.3
15	Ireland	18/10/2004	0	0.8432	4.96	19.02
18	Lithuania	11/06/2003	64	2.95	2.5	28.08
18	Lithuania	11/06/2003	64	2.321	2.45	28.76
18	Lithuania	11/06/2003	64	2.85	2.85	28.73
18	Lithuania	11/06/2003	64	1.891	2.93	26.02
18	Lithuania	11/06/2003	100	2.231	2.61	27.13
18	Lithuania	11/06/2003	0	4.65	2.23	31.41
18	Lithuania	11/06/2003	0	2.49	2.57	29.43
18	Lithuania	11/06/2003	0	2.62	2.95	25.97
18	Lithuania	11/06/2003	0	1.61	2.9	25.58
18	Lithuania	11/06/2003	64	3.131	2.48	29.01
18	Lithuania	11/06/2003	64	2.24	2.7	29.26
18	Lithuania	11/06/2003	64	3.4	2.68	29.66
18	Lithuania	11/06/2003	64	2	2.52	27.06
18	Lithuania	11/06/2003	100	2.971	2.63	30.39
18	Lithuania	11/06/2003	0	3.04	2.29	30.1
18	Lithuania	11/06/2003	0	3.15	2.25	30.71
18	Lithuania	11/06/2003	0	2.13	2.79	29.09
18	Lithuania	11/06/2003	0	1.8	2.81	27.95
18	Lithuania	22/07/2003	64	1.93	2.44	27.91
18	Lithuania	22/07/2003	64	1.73	2.78	28.09
18	Lithuania	22/07/2003	64	1.58	3.22	26.67
18	Lithuania	22/07/2003	64	1.73	1.52	41.12
18	Lithuania	22/07/2003	100	1.65	2.81	28.13
18	Lithuania	22/07/2003	0	2.24	2.35	28.52
18	Lithuania	22/07/2003	0	1.56	2.68	28.77
18	Lithuania	22/07/2003	0	1.66	2.61	28.78
18	Lithuania	22/07/2003	0	1.87	3.18	25.23
18	Lithuania	22/07/2003	64	1.66	2.52	28.43
18	Lithuania	22/07/2003	64	2.04	2.66	27.82
18	Lithuania	22/07/2003	64	2.4	2.47	28.94
18	Lithuania	22/07/2003	64	1.94	2.97	28.15
18	Lithuania	22/07/2003	100	1.93	2.32	29.63
18	Lithuania	22/07/2003	0	2.04	2.57	28.44
18	Lithuania	22/07/2003	0	2.27	2.46	34.2
18	Lithuania	22/07/2003	0	1.89	3.23	26.08
18	Lithuania	22/07/2003	0	2.01	3.15	27.48
18	Lithuania	16/10/2003	64	0.299	2.41	22.74
18	Lithuania	16/10/2003	64	0.33	2.7	22.73
18	Lithuania	16/10/2003	64	1.9	2.68	22.5
18	Lithuania	16/10/2003	64	0.491	2.39	24.16
18	Lithuania	16/10/2003	100	0.991	2.55	22.27
18	Lithuania	16/10/2003	0	1.09	2.07	20.99
18	Lithuania	16/10/2003	0	1.35	2.51	22.11
18	Lithuania	16/10/2003	0	0.87	3.26	24.68
18	Lithuania	16/10/2003	0	0.131	3.85	19.67
18	Lithuania	16/10/2003	64	0.4	2.56	20.89
18	Lithuania	16/10/2003	64	0.861	2.44	22.33
18	Lithuania	16/10/2003	64	1.82	2.65	23.2
18	Lithuania	16/10/2003	64	0.64	2.49	20.91
18	Lithuania	16/10/2003	100	1.46	2.6	22.15
18	Lithuania	16/10/2003	0	0.8	2.14	20.34
18	Lithuania	16/10/2003	0	1.78	2.45	23.45
18	Lithuania	16/10/2003	0	0.561	3.36	23.45
18	Lithuania	16/10/2003	0	0.45	4.08	20.08
20	Lithuania	27/06/2004	64	4.8	1.39	28.89
20	Lithuania	27/06/2004	64	5.02	1.57	29.04
20	Lithuania	27/06/2004	64	5.32	1.9	29.21
20	Lithuania	27/06/2004	64	4.92	1.57	28.25
20	Lithuania	27/06/2004	100	5.36	1.49	28.61
20	Lithuania	27/06/2004	0	5.82	1.35	28.88
20	Lithuania	27/06/2004	0	4.45	1.46	31.33
20	Lithuania	27/06/2004	0	3.31	2.87	30.97
20	Lithuania	27/06/2004	0	2.76	2.99	25.77
20	Lithuania	27/06/2004	64	5.81	1.47	29.28
20	Lithuania	27/06/2004	64	4.65	1.59	27.98
20	Lithuania	27/06/2004	64	5.73	1.89	28.65
20	Lithuania	27/06/2004	64	4.97	1.66	28.5
20	Lithuania	27/06/2004	100	5.64	1.57	27.84
20	Lithuania	27/06/2004	0	5.35	1.38	28
20	Lithuania	27/06/2004	0	4.71	1.4	30.7
20	Lithuania	27/06/2004	0	3.24	2.92	28.4
20	Lithuania	27/06/2004	0	2.62154	2.96	26.55
20	Lithuania	26/07/2004	64	2.3	1.66	25.93
20	Lithuania	26/07/2004	64	3.61179	1.84	30.12
20	Lithuania	26/07/2004	64	4.23	1.76	33.14
20	Lithuania	26/07/2004	64	3.21	1.51	26.41
20	Lithuania	26/07/2004	100	2.78	1.42	27.05
20	Lithuania	26/07/2004	0	1.4	1.31	25.76
20	Lithuania	26/07/2004	0	2.39	1.5	29.24
20	Lithuania	26/07/2004	0	3.49	2.51	32.41
20	Lithuania	26/07/2004	0	2.69	2.81	31.04
20	Lithuania	26/07/2004	64	2.34	1.48	25.76
20	Lithuania	26/07/2004	64	3.08	1.72	28.18
20	Lithuania	26/07/2004	64	3.77	1.62	30.64
20	Lithuania	26/07/2004	64	2.91	1.79	29.42
20	Lithuania	26/07/2004	100	2.46	1.59	27.04
20	Lithuania	26/07/2004	0	2.62	1.35	25.53
20	Lithuania	26/07/2004	0	3.38	1.49	27.88
20	Lithuania	26/07/2004	0	4.14	2.55	31.6
20	Lithuania	26/07/2004	0	3.35	2.67	32.99
20	Lithuania	21/09/2004	64	2.17	2.23	26.09
20	Lithuania	21/09/2004	64	2.75	1.93	27.4
20	Lithuania	21/09/2004	64	3.53	2.22	28.92
20	Lithuania	21/09/2004	64	2.64	1.75	27.22
20	Lithuania	21/09/2004	100	2.93	2.28	27.04
20	Lithuania	21/09/2004	0	1.26	1.54	23.12
20	Lithuania	21/09/2004	0	2.72	1.55	28.34
20	Lithuania	21/09/2004	0	2.61	2.83	28.05
20	Lithuania	21/09/2004	0	1.79	2.76	26.08
20	Lithuania	21/09/2004	64	1.98	2.09	25.9
20	Lithuania	21/09/2004	64	3.25	1.87	28.61
20	Lithuania	21/09/2004	64	3.16	2.12	28.8
20	Lithuania	21/09/2004	64	3.02	1.96	28.48
20	Lithuania	21/09/2004	100	2.12	1.96	27.68
20	Lithuania	21/09/2004	0	1.67	1.73	23.48
20	Lithuania	21/09/2004	0	2.64	1.73	27.73
20	Lithuania	21/09/2004	0	2.54	2.65	27.49
20	Lithuania	21/09/2004	0	1.5	3.13	24.74
22	Norway	04/06/2004	64	5.84842398	2.23	28.25
22	Norway	04/06/2004	64	5.504626133	2.23	28.97
22	Norway	04/06/2004	64	8.513829331	2.88	29.2
22	Norway	04/06/2004	64	7.273725835	2.11	29.51
22	Norway	04/06/2004	100	6.279163857	2.42	29.74
22	Norway	04/06/2004	88	5.325386598	2.27	27
22	Norway	04/06/2004	88	7.190060819	2.55	29.11
22	Norway	04/06/2004	88	7.38751926	2.23	29.33
22	Norway	04/06/2004	88	7.121359223	2.42	33.75
22	Norway	04/06/2004	88	4.872871737	2.42	31.53
22	Norway	04/06/2004	88	8.212982833	2.48	27.71
22	Norway	04/06/2004	0	2.815052509	1.14	23.54
22	Norway	04/06/2004	0	2.664337789	1.46	30.69
22	Norway	04/06/2004	0	7.820376432	3.07	28.76
22	Norway	04/06/2004	0	3.828	3.74	24.19
22	Norway	04/06/2004	64	3.726594863	2.41	24.86
22	Norway	04/06/2004	64	5.525808229	2.34	30.47
22	Norway	04/06/2004	64	9.066176471	2.62	29.64
22	Norway	04/06/2004	64	6.492204496	2.29	30.53
22	Norway	04/06/2004	100	7.924841772	2.4	28.94
22	Norway	04/06/2004	88	5.378213579	2.32	27.53
22	Norway	04/06/2004	88	7.517750597	2.45	29.5
22	Norway	04/06/2004	88	5.830476335	2.52	26.46
22	Norway	04/06/2004	88	6.823529412	2.29	29.48
22	Norway	04/06/2004	88	5.7949	2.55	30.65
22	Norway	04/06/2004	88	7.003895381	2.59	32.13
22	Norway	04/06/2004	0	1.972375691	1.15	21.67
22	Norway	04/06/2004	0	2.575471698	1.29	29.84
22	Norway	04/06/2004	0	6.931712963	3.09	31.3
22	Norway	04/06/2004	0	3.479312064	3.54	28.26
22	Norway	15/07/2004	64	2.607662968	3.55	22.42
22	Norway	15/07/2004	64	3.025125628	3.19	25.31
22	Norway	15/07/2004	64	3.250759878	3.72	22.76
22	Norway	15/07/2004	64	3.289103691	3.57	24.83
22	Norway	15/07/2004	100	2.609649123	3.56	22.55
22	Norway	15/07/2004	88	2.913333333	3.05	25.06
22	Norway	15/07/2004	88	3.023170732	3.61	23.87
22	Norway	15/07/2004	88	3.256706009	3.53	24.25
22	Norway	15/07/2004	88	3.228773585	3.42	23.96
22	Norway	15/07/2004	88	3.374537037	3.17	25.61
22	Norway	15/07/2004	88	2.939040208	3.71	22.84
22	Norway	15/07/2004	0	0.924568966	1.55	20.67
22	Norway	15/07/2004	0	0.813141684	1.74	27.33
22	Norway	15/07/2004	0	3.077062229	3.93	22.13
22	Norway	15/07/2004	0	3.25	3.79	24.04
22	Norway	15/07/2004	64	2.874787053	3.3	24.36
22	Norway	15/07/2004	64	2.992394696	2.88	26.41
22	Norway	15/07/2004	64	3.175403226	3.72	21.86
22	Norway	15/07/2004	64	3.535341831	3.53	24.22
22	Norway	15/07/2004	100	3.262873754	3.43	24.04
22	Norway	15/07/2004	88	2.674262735	3.28	23.11
22	Norway	15/07/2004	88	3.156058752	3.4	23.8
22	Norway	15/07/2004	88	3.148695652	3.67	22.2
22	Norway	15/07/2004	88	2.570353982	3.31	24.06
22	Norway	15/07/2004	88	3.246104816	3.37	24.93
22	Norway	15/07/2004	88	3.309058615	3.71	23.11
22	Norway	15/07/2004	0	0.379716981	1.7	21.04
22	Norway	15/07/2004	0	0.748768473	2.17	25.23
22	Norway	15/07/2004	0	3.369117647	3.9	23.56
22	Norway	15/07/2004	0	3.309659091	3.85	24.24
22	Norway	24/08/2004	64	4.577372765	3.1	27.75
22	Norway	24/08/2004	64	3.826157957	3.13	27.7
22	Norway	24/08/2004	64	4.859293194	2.91	29.42
22	Norway	24/08/2004	64	3.663535276	2.97	27.95
22	Norway	24/08/2004	100	4.242286115	2.72	29.79
22	Norway	24/08/2004	88	4.049542683	3.29	27.88
22	Norway	24/08/2004	88	4.858333333	2.95	27.6
22	Norway	24/08/2004	88	3.902571042	3.37	26.56
22	Norway	24/08/2004	88	4.831168831	3.15	27.59
22	Norway	24/08/2004	88	3.582982086	2.98	27.95
22	Norway	24/08/2004	88	4.326006356	3.2	27.37
22	Norway	24/08/2004	0	0.404984424	2.97	24.38
22	Norway	24/08/2004	0	0.533672173	1.95	27.52
22	Norway	24/08/2004	0	4.195285714	3.29	27.63
22	Norway	24/08/2004	0	1.582519001	3.94	24.46
22	Norway	24/08/2004	64	3.799328859	3.21	26.65
22	Norway	24/08/2004	64	3.913483146	3.17	27.71
22	Norway	24/08/2004	64	4.31673209	3.39	26.93
22	Norway	24/08/2004	64	3.35625	3.15	27.78
22	Norway	24/08/2004	100	4.239467849	2.9	31.13
22	Norway	24/08/2004	88	3.951771654	3.36	26.37
22	Norway	24/08/2004	88	4.621968616	2.93	30.02
22	Norway	24/08/2004	88	3.563683948	3.08	28.7
22	Norway	24/08/2004	88	4.240659341	3.21	27.05
22	Norway	24/08/2004	88	3.23178392	3.13	26.95
22	Norway	24/08/2004	88	3.8490625	3.07	27.45
22	Norway	24/08/2004	0	0.297331639	3.03	25.46
22	Norway	24/08/2004	0	0.792669584	2.66	25.81
22	Norway	24/08/2004	0	4.53125	3.19	27.16
22	Norway	24/08/2004	0	1.802415211	3.95	24.17
23	Norway	02/07/2004	64	7.395993837	1.36	30.41
23	Norway	02/07/2004	64	4.758698092	1.54	26.52
23	Norway	02/07/2004	64	8.719016083	1.81	32.51
23	Norway	02/07/2004	64	6.979520627	1.68	32.54
23	Norway	02/07/2004	100	7.048198521	1.68	31.33
23	Norway	02/07/2004	88	7.57840617	1.21	33.07
23	Norway	02/07/2004	88	6.853062012	1.82	30.31
23	Norway	02/07/2004	88	8.591077649	1.44	32.02
23	Norway	02/07/2004	88	8.341810783	1.68	31.68
23	Norway	02/07/2004	88	6.682278163	1.76	26.91
23	Norway	02/07/2004	88	7.695355492	1.25	30.83
23	Norway	02/07/2004	0	7.120354165	1.25	31.27
23	Norway	02/07/2004	0	2.105934693	1.17	24.22
23	Norway	02/07/2004	0	7.2320867	2.73	29.01
23	Norway	02/07/2004	0	3.762441938	1.75	25.23
23	Norway	02/07/2004	64	7.38996139	1.45	30.85
23	Norway	02/07/2004	64	6.339887094	1.72	29.2
23	Norway	02/07/2004	64	8.431568432	2.17	29.46
23	Norway	02/07/2004	64	7.158469945	1.62	30.98
23	Norway	02/07/2004	100	7.808304372	1.64	31.31
23	Norway	02/07/2004	88	6.449780059	1.26	30.4
23	Norway	02/07/2004	88	7.206026105	1.4	31.84
23	Norway	02/07/2004	88	8.17116409	1.18	33.3
23	Norway	02/07/2004	88	7.565970262	1.75	31.6
23	Norway	02/07/2004	88	6.33431085	1.9	30.67
23	Norway	02/07/2004	88	7.704683196	1.76	30.57
23	Norway	02/07/2004	0	6.152052167	1.23	31.5
23	Norway	02/07/2004	0	4.035641587	1.18	25.15
23	Norway	02/07/2004	0	6.223546945	2.27	27.66
23	Norway	02/07/2004	0	3.544729593	2.47	25.24
23	Norway	25/08/2004	64	3.34901733	2.88	21.96
23	Norway	25/08/2004	64	4.366179275	3.13	29.24
23	Norway	25/08/2004	64	3.280002466	2.7	23.38
23	Norway	25/08/2004	100	4.511439178	2.77	25.33
23	Norway	25/08/2004	88	3.511339813	2.65	23.79
23	Norway	25/08/2004	88	4.132663317	3.04	25.12
23	Norway	25/08/2004	88	3.24357499	2.46	22.04
23	Norway	25/08/2004	88	4.412243494	3.14	27.94
23	Norway	25/08/2004	88	3.907752853	2.69	23.07
23	Norway	25/08/2004	88	2.930349021	1.67	19.22
23	Norway	25/08/2004	0	1.390031797	1.57	15.94
23	Norway	25/08/2004	0	1.148382703	1.65	22.57
23	Norway	25/08/2004	0	4.537867631	3.41	21.32
23	Norway	25/08/2004	0	2.828722003	3.19	22.18
23	Norway	25/08/2004	64	3.245454545	2.72	21.7
23	Norway	25/08/2004	64	3.634113759	2.24	24.97
23	Norway	25/08/2004	64	4.131992675	2.73	26.82
23	Norway	25/08/2004	64	3.629078768	2.5	24.7
23	Norway	25/08/2004	100	4.007798071	2.87	23.85
23	Norway	25/08/2004	88	3.476874003	2.66	21.89
23	Norway	25/08/2004	88	4.013541409	2.83	25.04
23	Norway	25/08/2004	88	3.282902013	2.72	22.81
23	Norway	25/08/2004	88	5.156264843	2.8	26.35
23	Norway	25/08/2004	88	4.05132592	2.82	24.93
23	Norway	25/08/2004	88	4.715316862	2.75	25.76
23	Norway	25/08/2004	0	1.579680966	1.5	17.07
23	Norway	25/08/2004	0	2.112658847	1.57	20.19
23	Norway	25/08/2004	0	2.406547224	2.98	24.9
24	Norway	13/06/2003	64	5.852	1.98	28.99
24	Norway	13/06/2003	64	5.283	1.81	31.91
24	Norway	13/06/2003	64	5.467	2.38	29.37
24	Norway	13/06/2003	64	4.614	2.37	26.47
24	Norway	13/06/2003	100	6.087	2.72	27.84
24	Norway	13/06/2003	0	5.145	1.39	29.8
24	Norway	13/06/2003	0	2.817	1.48	29.18
24	Norway	13/06/2003	0	5.807	3.12	26.55
24	Norway	13/06/2003	0	3.266	2.85	22.86
24	Norway	13/06/2003	64	6.475	1.37	32.16
24	Norway	13/06/2003	64	3.752	2.03	29.58
24	Norway	13/06/2003	64	6.102	2.73	27.58
24	Norway	13/06/2003	64	4.721	2.79	23.71
24	Norway	13/06/2003	100	4.713	2.41	26.7
24	Norway	13/06/2003	0	5.528	1.34	31.57
24	Norway	13/06/2003	0	3.939	1.32	32.55
24	Norway	13/06/2003	0	5.217	3.15	25.38
24	Norway	13/06/2003	0	3.363	3.15	23.26
24	Norway	23/07/2003	64	3.893	2.09	31.33
24	Norway	23/07/2003	64	4.012	1.74	33.43
24	Norway	23/07/2003	64	3.9	2.45	31.38
24	Norway	23/07/2003	64	3.716	2.17	32.84
24	Norway	23/07/2003	100	4.009	2.16	32.22
24	Norway	23/07/2003	0	3.091	1.59	28.83
24	Norway	23/07/2003	0	2.816	1.6	33.46
24	Norway	23/07/2003	0	3.648	3.24	29.05
24	Norway	23/07/2003	0	3.072	2.83	28.04
24	Norway	23/07/2003	64	3.998	1.88	32.27
24	Norway	23/07/2003	64	3.903	1.9	33.14
24	Norway	23/07/2003	64	3.491	2.41	29.65
24	Norway	23/07/2003	100	3.624	2.37	30.62
24	Norway	23/07/2003	0	3.426	1.41	32.48
24	Norway	23/07/2003	0	2.99	1.69	35.3
24	Norway	23/07/2003	0	3.57	3.43	25.67
24	Norway	23/07/2003	0	2.786	3.03	28.68
24	Norway	25/09/2003	64	2.322	3.03	25.77
24	Norway	25/09/2003	64	2.607	2.2	28.74
24	Norway	25/09/2003	64	2.65	3.02	25.56
24	Norway	25/09/2003	64	2.834	2.87	25.49
24	Norway	25/09/2003	100	3.033	2.81	27.09
24	Norway	25/09/2003	0	1.728	2.01	27.34
24	Norway	25/09/2003	0	2.564	1.88	29.71
24	Norway	25/09/2003	0	2.891	3.64	24.76
24	Norway	25/09/2003	0	2.122	3.9	21.86
24	Norway	25/09/2003	64	2.138	2.7	25.43
24	Norway	25/09/2003	64	2.609	1.88	29.4
24	Norway	25/09/2003	64	2.573	3.41	24.08
24	Norway	25/09/2003	64	2.835	2.93	26.07
24	Norway	25/09/2003	100	2.75	2.77	27
24	Norway	25/09/2003	0	1.799	2.02	26.03
24	Norway	25/09/2003	0	2.773	1.62	30.49
24	Norway	25/09/2003	0	2.831	3.64	23.6
24	Norway	25/09/2003	0	2.374	3.8	23.08
26	Poland	20/05/2004	64	5.585714286	2.21	26.65
26	Poland	20/05/2004	64	5.89	2.26	27.73
26	Poland	20/05/2004	64	5.440952381	2.23	26.67
26	Poland	20/05/2004	64	4.380952381	2.59	26.89
26	Poland	20/05/2004	100	4.546666667	2.11	26.71
26	Poland	20/05/2004	88	4.19047619	1.88	27.19
26	Poland	20/05/2004	88	4.5	2.08	26.62
26	Poland	20/05/2004	88	5.071428571	1.97	26.52
26	Poland	20/05/2004	88	4.778571429	2.21	27.12
26	Poland	20/05/2004	88	4.9	2.37	26.69
26	Poland	20/05/2004	88	5.224285714	2.61	26.69
26	Poland	20/05/2004	0	5.203333333	1.97	26.13
26	Poland	20/05/2004	0	5.316666667	2.78	29.62
26	Poland	20/05/2004	0	4.557142857	3.88	23.51
26	Poland	20/05/2004	0	3.588571429	3.44	23.92
26	Poland	20/05/2004	64	4.19047619	2.02	26.54
26	Poland	20/05/2004	64	5.071428571	2.19	27.96
26	Poland	20/05/2004	64	4.687142857	2.56	27.69
26	Poland	20/05/2004	64	5.664285714	2.85	26.37
26	Poland	20/05/2004	100	4.052380952	2.39	24.96
26	Poland	20/05/2004	88	5.316666667	2.08	27.59
26	Poland	20/05/2004	88	5.993333333	2.13	27.48
26	Poland	20/05/2004	88	5.1	2.05	27.82
26	Poland	20/05/2004	88	4.342857143	2.53	28.74
26	Poland	20/05/2004	88	5.421428571	2.3	28.22
26	Poland	20/05/2004	88	5.973809524	2.73	26.59
26	Poland	20/05/2004	0	5.357142857	1.93	25.97
26	Poland	20/05/2004	0	4.632857143	2.21	29.23
26	Poland	20/05/2004	0	4.530952381	3.45	24.9
26	Poland	20/05/2004	0	3.588095238	3.92	22.96
26	Poland	02/07/2004	64	3.64455	2.1	25.57
26	Poland	02/07/2004	64	2.95125	2.42	24.48
26	Poland	02/07/2004	64	2.3958	2.56	25.15
26	Poland	02/07/2004	64	1.81125	2.22	23.68
26	Poland	02/07/2004	100	2.7135	2.22	23.79
26	Poland	02/07/2004	88	3.0414	2.02	24.03
26	Poland	02/07/2004	88	2.9475	2.33	23.96
26	Poland	02/07/2004	88	2.795	1.99	22.36
26	Poland	02/07/2004	88	2.18075	2.3	22.69
26	Poland	02/07/2004	88	1.89	2.53	23.51
26	Poland	02/07/2004	88	2.2774	2.41	23.55
26	Poland	02/07/2004	0	2.139375	2.05	21.48
26	Poland	02/07/2004	0	1.83825	2.67	24.27
26	Poland	02/07/2004	0	0.806	3.33	24.04
26	Poland	02/07/2004	0	0.48975	2.87	25.94
26	Poland	02/07/2004	64	2.88435	1.85	22.3
26	Poland	02/07/2004	64	2.6176	2.2	24.91
26	Poland	02/07/2004	64	2.51635	2.49	24.69
26	Poland	02/07/2004	64	2.0956	2.37	25.2
26	Poland	02/07/2004	100	1.6989	2.31	23.12
26	Poland	02/07/2004	88	2.5075	1.84	24.96
26	Poland	02/07/2004	88	2.78385	2.36	24.89
26	Poland	02/07/2004	88	3.508575	2.01	25.47
26	Poland	02/07/2004	88	2.1033	2.55	24.55
26	Poland	02/07/2004	88	2.1398	2.04	27.07
26	Poland	02/07/2004	88	1.76945	2.47	24.88
26	Poland	02/07/2004	0	3.329275	2.21	23.22
26	Poland	02/07/2004	0	1.7145	2.48	24.95
26	Poland	02/07/2004	0	0.666	3.2	23.96
26	Poland	02/07/2004	0	0.399	2.87	23.99
26	Poland	26/08/2004	64	0.42112	3.47	22.62
26	Poland	26/08/2004	64	1.04186	3.84	22.57
26	Poland	26/08/2004	64	0.75825	4.03	21.61
26	Poland	26/08/2004	64	0.67683	3.09	21.78
26	Poland	26/08/2004	100	0.64288	3.19	20.88
26	Poland	26/08/2004	88	0.5916	2.54	21.4
26	Poland	26/08/2004	88	0.57334	3.58	20.63
26	Poland	26/08/2004	88	0.77292	3	20.24
26	Poland	26/08/2004	88	0.741	3.23	22.33
26	Poland	26/08/2004	88	0.64584	3.03	20.64
26	Poland	26/08/2004	88	0.6524	3.8	22.25
26	Poland	26/08/2004	0	0.63662	2.76	20.5
26	Poland	26/08/2004	0	0.4988	3.53	22.71
26	Poland	26/08/2004	0	0.3444	3.74	22.69
26	Poland	26/08/2004	0	0.3281	3.84	23.41
26	Poland	26/08/2004	64	0.46592	2.97	21.64
26	Poland	26/08/2004	64	0.58928	2.97	22.02
26	Poland	26/08/2004	64	0.63675	3.16	22.88
26	Poland	26/08/2004	64	0.81198	3.66	20.8
26	Poland	26/08/2004	100	0.60876	3.11	22.94
26	Poland	26/08/2004	88	0.6601	3.14	22.13
26	Poland	26/08/2004	88	0.35495	3.09	21.57
26	Poland	26/08/2004	88	0.5336	3.31	21.85
26	Poland	26/08/2004	88	0.82656	3.6	23.24
26	Poland	26/08/2004	88	0.63414	3.19	22.13
26	Poland	26/08/2004	88	0.59392	2.95	21.54
26	Poland	26/08/2004	0	0.74382	3.28	23.08
26	Poland	26/08/2004	0	0.72732	3.61	22.96
26	Poland	26/08/2004	0	0.511795556	3.95	25.39
26	Poland	26/08/2004	0	0.2523	4.06	22.26
26	Poland	12/10/2004	64	0.263830222	2.73	30.7
26	Poland	12/10/2004	64	0.47449	2.87	31.78
26	Poland	12/10/2004	64	0.271643556	3.03	31.48
26	Poland	12/10/2004	64	0.229152	2.82	30.2
26	Poland	12/10/2004	100	0.297279667	2.64	31.78
26	Poland	12/10/2004	88	0.29225	2.56	30.33
26	Poland	12/10/2004	88	0.373916889	2.63	30.09
26	Poland	12/10/2004	88	0.249604444	2.65	29.74
26	Poland	12/10/2004	88	0.289513778	2.71	32.06
26	Poland	12/10/2004	88	0.222561111	2.59	33.27
26	Poland	12/10/2004	88	0.246976	2.76	31.54
26	Poland	12/10/2004	0	0.28798	2.57	29.56
26	Poland	12/10/2004	0	0.33583	3.02	32.27
26	Poland	12/10/2004	0	0.232555556	3.15	29.5
26	Poland	12/10/2004	0	0.101443333	2.96	33.82
26	Poland	12/10/2004	64	0.207	2.75	30.28
26	Poland	12/10/2004	64	0.27209	2.79	31.3
26	Poland	12/10/2004	64	0.300328	3.04	30.98
26	Poland	12/10/2004	64	0.212574444	2.95	32.36
26	Poland	12/10/2004	100	0.209354222	2.85	32.71
26	Poland	12/10/2004	88	0.27938	2.28	32.9
26	Poland	12/10/2004	88	0.320101667	2.68	31.16
26	Poland	12/10/2004	88	0.240649667	2.57	33.06
26	Poland	12/10/2004	88	0.348128	2.89	33.15
26	Poland	12/10/2004	88	0.232105	2.63	31.75
26	Poland	12/10/2004	88	0.240746667	2.82	30.49
26	Poland	12/10/2004	0	0.24966	2.78	31.21
26	Poland	12/10/2004	0	0.21868	2.86	32.68
26	Poland	12/10/2004	0	0.213488667	2.99	31.57
26	Poland	12/10/2004	0	0.094927778	3.29	30.41
27	Poland	25/05/2005	64	5.428571429	2.55	31.65
27	Poland	25/05/2005	64	5.804761905	2.38	35.88
27	Poland	25/05/2005	64	6.293333333	2.77	31.73
27	Poland	25/05/2005	64	6.025714286	2.69	32.21
27	Poland	25/05/2005	100	5.04	2.6	33.06
27	Poland	25/05/2005	88	6.827619048	2.79	33.19
27	Poland	25/05/2005	88	5.729047619	2.66	31.55
27	Poland	25/05/2005	88	6.237142857	2.09	35.03
27	Poland	25/05/2005	88	6.332380952	2.56	35.02
27	Poland	25/05/2005	88	6.297142857	2.66	34.57
27	Poland	25/05/2005	88	5.24952381	2.5	33.31
27	Poland	25/05/2005	0	3.99952381	2.65	29.36
27	Poland	25/05/2005	0	6.495238095	2.51	34.45
27	Poland	25/05/2005	0	3.667142857	3.92	26.3
27	Poland	25/05/2005	0	3.428571429	2.4	35.16
27	Poland	25/05/2005	64	6.27	2.25	30.84
27	Poland	25/05/2005	64	5.67047619	2.41	35.92
27	Poland	25/05/2005	64	6.6	2.67	32.8
27	Poland	25/05/2005	64	6.094285714	2.89	33.93
27	Poland	25/05/2005	100	5.735714286	2.72	31.91
27	Poland	25/05/2005	88	7.7	2.25	35.58
27	Poland	25/05/2005	88	7.088095238	2.41	29.76
27	Poland	25/05/2005	88	6.257142857	2.78	30.41
27	Poland	25/05/2005	88	6.701904762	2.48	32.28
27	Poland	25/05/2005	88	5.837142857	2.64	38.04
27	Poland	25/05/2005	88	7.622857143	2.49	35.1
27	Poland	25/05/2005	0	5.100952381	2.55	29.12
27	Poland	25/05/2005	0	4.24	2.79	34.57
27	Poland	25/05/2005	0	3.642857143	4.11	24.31
27	Poland	25/05/2005	0	1.657142857	3.84	27.77
27	Poland	28/06/2005	64	1.56	2.34	25.66
27	Poland	28/06/2005	64	1.084285714	3.09	27.96
27	Poland	28/06/2005	64	0.72	2.81	26.53
27	Poland	28/06/2005	64	0.652142857	2.97	26.07
27	Poland	28/06/2005	100	0.72	2.52	26.45
27	Poland	28/06/2005	88	0.641666667	2.88	25.52
27	Poland	28/06/2005	88	0.745952381	3.01	26.19
27	Poland	28/06/2005	88	0.733571429	2.85	26.55
27	Poland	28/06/2005	88	0.82	2.68	26.86
27	Poland	28/06/2005	88	0.595238095	3.3	25.27
27	Poland	28/06/2005	88	0.546428571	2.72	27.54
27	Poland	28/06/2005	0	0.987619048	3	26.42
27	Poland	28/06/2005	0	0.633809524	3.36	25.31
27	Poland	28/06/2005	0	0.710238095	3.22	24.81
27	Poland	28/06/2005	0	0.563809524	2.94	26.72
27	Poland	28/06/2005	64	1.575	2.62	26.29
27	Poland	28/06/2005	64	0.714285714	3.33	27.06
27	Poland	28/06/2005	64	1.380952381	3.03	25.93
27	Poland	28/06/2005	64	0.728571429	2.93	28.02
27	Poland	28/06/2005	100	0.6	2.8	26.96
27	Poland	28/06/2005	88	0.639047619	2.92	26.23
27	Poland	28/06/2005	88	0.933333333	2.88	26.48
27	Poland	28/06/2005	88	0.813333333	2.72	26.66
27	Poland	28/06/2005	88	0.745952381	3.41	26.62
27	Poland	28/06/2005	88	0.749047619	3.04	27.72
27	Poland	28/06/2005	88	0.853333333	2.81	28.04
27	Poland	28/06/2005	0	1.442380952	2.99	25.42
27	Poland	28/06/2005	0	0.714285714	3.05	27.28
27	Poland	28/06/2005	0	0.710238095	3.42	26.2
27	Poland	28/06/2005	0	0.243333333	3.23	26.31
27	Poland	17/08/2005	64	4.573333333	2.84	30.21
27	Poland	17/08/2005	64	4.677619048	3.17	31.31
27	Poland	17/08/2005	64	3.96	2.99	29.8
27	Poland	17/08/2005	64	4	3.19	31.44
27	Poland	17/08/2005	100	4.285714286	2.73	31.35
27	Poland	17/08/2005	88	4.69047619	2.72	32.28
27	Poland	17/08/2005	88	4.952380952	2.78	31.65
27	Poland	17/08/2005	88	3.8	2.69	32.19
27	Poland	17/08/2005	88	4.521428571	2.69	32.13
27	Poland	17/08/2005	88	4.534285714	2.78	31.39
27	Poland	17/08/2005	88	4.18	2.85	30.55
27	Poland	17/08/2005	0	4.2	2.83	28.48
27	Poland	17/08/2005	0	4.714285714	3.31	30.89
27	Poland	17/08/2005	0	2.748571429	3.13	30.11
27	Poland	17/08/2005	0	2.483333333	2.85	32
27	Poland	17/08/2005	64	3.8	2.63	30
27	Poland	17/08/2005	64	4.361428571	2.99	31.61
27	Poland	17/08/2005	64	4.49047619	2.83	30.34
27	Poland	17/08/2005	64	3.836190476	2.86	32.54
27	Poland	17/08/2005	100	4.573333333	3.05	30.82
27	Poland	17/08/2005	88	4.19047619	2.58	30.41
27	Poland	17/08/2005	88	3.866666667	2.78	34.66
27	Poland	17/08/2005	88	3.865714286	3.35	30.58
27	Poland	17/08/2005	88	3.94	3.15	32.32
27	Poland	17/08/2005	88	5.026666667	2.74	32.62
27	Poland	17/08/2005	88	4.095238095	2.96	31.31
27	Poland	17/08/2005	0	4.115714286	3.13	29.16
27	Poland	17/08/2005	0	4.857142857	3.14	33.19
27	Poland	17/08/2005	0	2.971428571	3.3	28.6
27	Poland	17/08/2005	0	2.366666667	3.4	32.58
27	Poland	25/10/2005	64	2.80952381	2.84	27.96
27	Poland	25/10/2005	64	2.741428571	2.07	39.15
27	Poland	25/10/2005	64	1.766666667	2.83	32.09
27	Poland	25/10/2005	64	1.426666667	2.39	30.83
27	Poland	25/10/2005	100	2.057857143	2.73	29.37
27	Poland	25/10/2005	88	3.020238095	2.26	33.12
27	Poland	25/10/2005	88	1.716190476	2.63	33.43
27	Poland	25/10/2005	88	1.380952381	2.18	30.91
27	Poland	25/10/2005	88	2.687857143	2.78	30.26
27	Poland	25/10/2005	88	2.15	2.71	30.31
27	Poland	25/10/2005	88	1.866428571	2.43	30.86
27	Poland	25/10/2005	0	0.886428571	3.08	27.41
27	Poland	25/10/2005	0	3.159047619	2.57	29.4
27	Poland	25/10/2005	0	0.981666667	2.84	31.81
27	Poland	25/10/2005	0	1.505714286	2.42	37.71
27	Poland	25/10/2005	64	1.936190476	2.84	27.82
27	Poland	25/10/2005	64	2.285714286	3.06	29.11
27	Poland	25/10/2005	64	1.875714286	2.79	32.03
27	Poland	25/10/2005	64	1.858809524	2.83	30.43
27	Poland	25/10/2005	100	1.626428571	2.7	31.08
27	Poland	25/10/2005	88	1.825714286	1.92	33.55
27	Poland	25/10/2005	88	2.372380952	2.86	28.01
27	Poland	25/10/2005	88	1.45	2.49	32.57
27	Poland	25/10/2005	88	2.523809524	3.05	30.02
27	Poland	25/10/2005	88	2.179047619	3.02	29.76
27	Poland	25/10/2005	88	1.841190476	2.63	28.59
27	Poland	25/10/2005	0	2.262857143	2.83	31.55
27	Poland	25/10/2005	0	2.215714286	2.37	34.09
27	Poland	25/10/2005	0	1.987142857	2.54	30.84
27	Poland	25/10/2005	0	0.858095238	3.26	26.26
36	Wales	25/05/2004	64	3.288663821	1.3	22.18
36	Wales	25/05/2004	64	2.912881359	1.31	27.45
36	Wales	25/05/2004	64	2.575915496	1.53	23.56
36	Wales	25/05/2004	64	3.01090701	1.68	23.32
36	Wales	25/05/2004	100	3.471623711	1.44	24.77
36	Wales	25/05/2004	0	3.990707382	1.13	22.7
36	Wales	25/05/2004	0	3.334418511	1.38	29.48
36	Wales	25/05/2004	0	0.536290323	1.7	23.05
36	Wales	25/05/2004	0	1.059854093	1.53	23.42
36	Wales	25/05/2004	64	3.609227519	1.23	22.49
36	Wales	25/05/2004	64	4.505241085	1.27	25.81
36	Wales	25/05/2004	64	2.04370538	1.47	24.07
36	Wales	25/05/2004	64	2.417367453	1.58	23.87
36	Wales	25/05/2004	100	2.733155875	1.33	25.52
36	Wales	25/05/2004	0	4.429689858	1.04	24.75
36	Wales	25/05/2004	0	2.282117274	1.3	27.74
36	Wales	25/05/2004	0	1.421414822	1.33	23.52
36	Wales	25/05/2004	0	1.861273845	1.64	23.88
36	Wales	12/07/2004	64	2.736873826	1.76	23.2
36	Wales	12/07/2004	64	2.722608469	1.51	26.27
36	Wales	12/07/2004	64	3.335386828	1.39	26.79
36	Wales	12/07/2004	64	3.510507214	2.44	24.24
36	Wales	12/07/2004	100	2.77370495	2.2	24.14
36	Wales	12/07/2004	0	1.714336437	1.76	23.2
36	Wales	12/07/2004	0	1.854051916	1.51	26.27
36	Wales	12/07/2004	0	1.01428284	1.39	26.79
36	Wales	12/07/2004	0	2.851361828	2.44	24.24
36	Wales	12/07/2004	64	2.655036139	2.2	24.14
36	Wales	12/07/2004	64	2.80973257	1.81	24.49
36	Wales	12/07/2004	64	2.577312622	2.02	23.36
36	Wales	12/07/2004	64	2.352300264	2.11	25.84
36	Wales	12/07/2004	100	3.230518551	2.26	24.59
36	Wales	12/07/2004	0	1.456105051	1.24	20.73
36	Wales	12/07/2004	0	2.230046948	1.26	24.93
36	Wales	12/07/2004	0	2.564422233	2.6	24.88
36	Wales	12/07/2004	0	2.896855112	2.67	23.27
36	Wales	02/09/2004	64	2.65169	2.84	26.3
36	Wales	02/09/2004	64	1.79419	2.37	27.57
36	Wales	02/09/2004	64	3.57367	2.93	27.26
36	Wales	02/09/2004	64	2.84967	2.95	27.46
36	Wales	02/09/2004	100	2.8845	3.1	25.17
36	Wales	02/09/2004	0	0.37584	1.81	21.22
36	Wales	02/09/2004	0	1.66358	1.61	30.29
36	Wales	02/09/2004	0	2.49994	3.41	24.56
36	Wales	02/09/2004	0	2.21278	4.09	21.99
36	Wales	02/09/2004	64	2.27368	2.71	25.61
36	Wales	02/09/2004	64	2.4877	2.54	27.8
36	Wales	02/09/2004	64	2.68807	3.26	24.57
36	Wales	02/09/2004	64	2.58982	3.28	25.35
36	Wales	02/09/2004	100	3.08279	3	26.27
36	Wales	02/09/2004	0	0.43103	1.74	21.34
36	Wales	02/09/2004	0	1.08455	1.63	27.65
36	Wales	02/09/2004	0	4.09684	3.2	26.47
36	Wales	02/09/2004	0	1.9556	3.69	24.18
36	Wales	09/10/2004	64	1.35884094	3.83	22.35
36	Wales	09/10/2004	64	1.078009213	3.55	25.54
36	Wales	09/10/2004	64	1.130460552	4.07	22.61
36	Wales	09/10/2004	64	1.142524684	4.16	23.02
36	Wales	09/10/2004	100	0.91293375	4.18	24.6
36	Wales	09/10/2004	0	0.53961328	3.15	21.46
36	Wales	09/10/2004	0	0.79718012	3.62	25.74
36	Wales	09/10/2004	0	0.046333333	3.79	26.03
36	Wales	09/10/2004	0	0.714481015	4.71	23.61
36	Wales	09/10/2004	64	1.225489783	3.65	23.42
36	Wales	09/10/2004	64	1.208525664	3.71	25.5
36	Wales	09/10/2004	64	0.998190789	3.98	22.26
36	Wales	09/10/2004	64	1.051972233	4.2	24.33
36	Wales	09/10/2004	100	1.241189792	4.08	24.12
36	Wales	09/10/2004	0	0.63025834	3.2	21.32
36	Wales	09/10/2004	0	0.772770867	3.34	26.59
36	Wales	09/10/2004	0	0.013156872	3.47	25.03
36	Wales	09/10/2004	0	0.697789528	4.61	22.51
